
3.7108E-07 2.93376E-06 -4.32475E-07
8.8085E-07 6.28233E-06 8.64263E-08
4.10798E-07 3.13652E-06 2.44566E-06
2.36732E-06 4.64649E-06 2.36726E-06
2.74015E-06 5.06066E-06 -1.39485E-07
5.97693E-07 4.41871E-06 2.6892E-06
3.28234E-07 2.94743E-06 -4.82588E-07
4.90935E-07 3.4095E-06 -3.25628E-07
2.47966E-06 3.33903E-06 -1.94022E-07
6.94799E-07 4.19978E-06 2.62181E-06
5.92282E-07 5.5794E-06 -1.96147E-07
3.59083E-07 2.94543E-06 -4.59691E-07
3.3658E-07 2.39662E-06 -4.4305E-07
2.64624E-06 6.29095E-06 2.64619E-06
2.46204E-06 5.31698E-06 -2.67325E-07
6.53203E-07 3.59009E-06 2.5059E-06
4.80419E-07 5.94088E-06 -2.99789E-07
6.65061E-07 5.26247E-06 -1.41818E-07
5.02257E-07 3.88503E-06 -2.87282E-07
5.1815E-07 4.76405E-06 -2.9771E-07
5.53293E-07 2.82054E-06 -2.7385E-07
3.41627E-07 3.05241E-06 2.45443E-06
2.32328E-06 4.27508E-06 2.32322E-06
2.47549E-06 5.28945E-06 2.47543E-06
7.30498E-07 5.1663E-06 -5.52008E-08
6.43329E-07 5.26408E-06 -1.70194E-07
4.63575E-07 3.73953E-06 2.5433E-06
8.51961E-07 4.93786E-06 3.11163E-08
6.35921E-07 3.97675E-06 -1.6975E-07
4.18868E-07 4.47969E-06 -3.89238E-07
5.4438E-07 4.36902E-06 -2.57689E-07
-7.31348E-08 1.83784E-06 2.31285E-06
4.16623E-07 2.96595E-06 -3.79644E-07
5.4323E-07 4.90506E-06 -2.57741E-07
4.86816E-07 2.61081E-06 2.37217E-06
2.57058E-06 5.86409E-06 -2.92152E-07
7.4015E-07 4.701E-06 -4.71285E-08
5.33355E-07 4.09761E-06 -2.62305E-07
9.20163E-07 6.06801E-06 1.21288E-07
6.39265E-07 3.62388E-06 -1.51506E-07
6.4299E-07 4.96365E-06 -1.62135E-07
6.76869E-07 4.24893E-06 2.59568E-06
7.98549E-07 4.09013E-06 -7.57274E-09
7.32657E-07 3.65004E-06 -2.98042E-08
6.86515E-08 4.86665E-06 -7.33244E-07
5.86253E-07 3.26657E-06 -2.09921E-07
6.80972E-07 4.31443E-06 -1.29048E-07
8.08259E-07 5.57813E-06 -7.39719E-09
8.87985E-07 5.48925E-06 9.86036E-08
6.13587E-07 4.01956E-06 -1.74512E-07
7.4888E-07 4.20678E-06 -6.5945E-08
1.88969E-07 4.51728E-06 -6.34977E-07
5.11869E-07 3.30453E-06 -2.91325E-07
7.71349E-07 4.58372E-06 -3.522E-08
4.81188E-07 4.26421E-06 -2.9111E-07
4.99425E-07 6.2853E-06 -3.25031E-07
3.52853E-07 3.24538E-06 -4.43443E-07
2.58851E-06 5.98791E-06 -3.24476E-07
4.01996E-07 3.0544E-06 -3.88696E-07
5.28628E-07 2.94497E-06 -2.6051E-07
