
3.9382E-08 3.05339E-06 -7.17349E-07
4.37539E-07 1.91397E-05 -3.53586E-07
1.5062E-05 1.71772E-05 -5.11003E-07
1.5666E-05 4.1736E-06 1.48106E-05
5.65375E-07 3.45997E-06 1.40765E-05
4.42609E-07 2.89511E-06 -3.56918E-07
1.52305E-05 1.70021E-05 1.43765E-05
3.18154E-07 4.16469E-06 -4.58285E-07
4.34772E-07 4.22712E-06 -3.49782E-07
1.5195E-05 1.75309E-05 -4.98559E-07
3.26371E-07 3.32909E-06 -4.49616E-07
1.50001E-05 1.78934E-05 1.41764E-05
3.3376E-07 3.55667E-06 -4.37593E-07
2.66987E-07 1.81491E-05 -5.07901E-07
1.42175E-07 2.89356E-06 -6.32567E-07
1.4819E-07 2.73719E-06 -6.1254E-07
5.57452E-07 3.57665E-06 -2.21794E-07
1.54967E-05 1.80605E-05 1.46239E-05
1.56444E-05 1.98182E-05 -3.1078E-07
1.52905E-05 1.75742E-05 -6.39168E-07
1.5876E-05 2.0612E-05 9.19867E-08
4.44726E-07 3.58006E-06 -3.2751E-07
3.30367E-07 3.09307E-06 -4.52948E-07
2.3003E-07 3.18891E-06 -5.35539E-07
3.9015E-07 4.30795E-06 -3.8728E-07
1.96812E-07 3.32843E-06 -5.77871E-07
2.24666E-07 2.88433E-06 -5.43541E-07
3.61648E-07 4.46556E-06 -7.80325E-07
2.86197E-07 2.75379E-06 1.44817E-05
5.79588E-07 3.46235E-06 -2.22667E-07
1.66721E-07 3.11204E-06 -6.04176E-07
3.20732E-07 3.1574E-06 -4.61164E-07
3.50998E-07 3.34237E-06 -4.24858E-07
-3.25234E-08 2.80798E-06 1.40484E-05
1.93094E-07 4.0711E-06 -5.54019E-07
1.5451E-05 1.82679E-05 -5.84111E-07
8.8543E-08 2.94572E-06 -6.72782E-07
7.4458E-08 2.26291E-06 -1.06434E-06
1.51123E-05 1.74105E-05 -3.15111E-07
1.6669E-07 2.24107E-06 -6.01967E-07
1.5599E-05 1.91389E-05 1.47298E-05
3.88943E-07 3.53078E-06 -3.86116E-07
1.68625E-07 2.24989E-06 1.43585E-05
2.31659E-07 3.11712E-06 -5.36796E-07
2.24432E-07 2.87089E-06 1.41313E-05
2.62762E-07 3.48425E-06 -4.98464E-07
1.51997E-05 1.78995E-05 1.43355E-05
1.66244E-07 2.49365E-06 -6.02442E-07
4.33797E-07 3.2838E-06 -3.52457E-07
2.2281E-07 1.77872E-05 -5.33674E-07
6.94228E-07 4.25509E-06 1.46624E-05
2.4679E-07 3.415E-06 1.43183E-05
3.41367E-07 2.95003E-06 -4.27361E-07
3.52433E-07 3.81955E-06 -4.27757E-07
2.56301E-07 2.54511E-06 -5.18303E-07
4.93002E-07 3.65819E-06 -2.82498E-07
5.37488E-07 3.16766E-06 -2.438E-07
1.55211E-05 1.81596E-05 -2.93693E-07
3.04562E-07 3.77047E-06 -3.90127E-07
3.31266E-07 3.87186E-06 1.42488E-05
