
2.33723E-06 4.38817E-06 -1.41551E-07
4.61063E-07 5.1596E-06 -3.50499E-07
2.44551E-06 5.13496E-06 2.44546E-06
6.02443E-07 3.44574E-06 -2.15875E-07
5.68613E-07 5.27081E-06 2.7809E-06
3.03334E-06 9.15485E-06 1.67055E-07
2.62036E-06 6.24526E-06 -2.11302E-07
4.94376E-07 5.83385E-06 -2.97622E-07
3.93306E-07 3.06766E-06 -4.2265E-07
4.28563E-07 2.24503E-06 -3.81706E-07
2.97621E-07 3.79271E-06 2.59339E-06
8.97746E-07 5.09765E-06 6.63168E-08
2.42444E-06 3.19473E-06 -1.93543E-07
6.01512E-07 3.76591E-06 2.52718E-06
4.78484E-07 3.81929E-06 -3.22842E-07
2.57689E-07 2.64576E-06 -5.45626E-07
5.58532E-07 3.66995E-06 -2.46501E-07
4.09645E-07 3.88883E-06 -4.02542E-07
2.34386E-07 2.93332E-06 -5.77457E-07
4.45145E-07 4.35582E-06 -3.69416E-07
6.0161E-07 6.25602E-06 -2.06911E-07
2.49075E-06 5.40159E-06 -4.82768E-07
2.71659E-06 6.83142E-06 -7.83039E-08
2.75668E-06 7.21979E-06 2.7566E-06
2.6461E-06 6.49218E-06 2.646E-06
2.29862E-06 2.07337E-06 -4.36886E-07
3.1232E-07 2.32631E-06 2.33253E-06
4.0344E-07 4.35268E-06 -4.17119E-07
4.83902E-07 5.10576E-06 -3.32887E-07
1.87086E-07 2.81088E-06 -6.09259E-07
6.48648E-07 2.65927E-06 2.34037E-06
5.40211E-07 4.28315E-06 -2.41716E-07
5.3575E-07 4.6038E-06 -2.78916E-07
5.53471E-07 3.94552E-06 -2.62198E-07
6.23623E-07 3.30381E-06 -1.75835E-07
2.7133E-06 4.83991E-06 2.71324E-06
8.7838E-07 4.55402E-06 7.32823E-08
9.21464E-07 5.75876E-06 1.15311E-07
5.30859E-07 3.56326E-06 -2.45892E-07
2.39948E-06 4.66975E-06 2.39941E-06
4.46748E-07 5.39302E-06 -3.24901E-07
2.75526E-07 3.23049E-06 -5.4044E-07
5.235E-07 3.59089E-06 -2.93962E-07
6.12555E-07 2.76423E-06 2.37359E-06
4.83527E-07 3.64362E-06 -3.55947E-07
3.13603E-07 2.59932E-06 2.38636E-06
3.63108E-07 2.46038E-06 -4.45212E-07
7.43484E-07 5.2366E-06 -4.11117E-08
5.40924E-07 3.50226E-06 -2.67336E-07
3.00073E-07 2.76021E-06 -4.94296E-07
5.65276E-07 5.08314E-06 -2.47948E-07
5.31797E-07 2.25773E-06 -2.60875E-07
3.81344E-07 4.22262E-06 -4.27178E-07
3.58835E-07 2.58899E-06 -4.41685E-07
2.24687E-07 3.22921E-06 2.51398E-06
6.16853E-07 3.70828E-06 -1.72102E-07
3.85784E-07 2.30102E-06 -4.35298E-07
5.30215E-07 3.37387E-06 2.48531E-06
4.42162E-07 3.64055E-06 -3.3672E-07
4.47422E-07 3.19341E-06 -3.42525E-07
