
3.88258E-07 2.99597E-06 -3.86927E-07
6.41851E-07 3.77748E-06 -1.18246E-07
5.73445E-07 3.551E-06 -2.16502E-07
5.38583E-07 3.74442E-06 -2.5464E-07
7.88108E-07 5.25992E-06 4.02844E-08
5.16266E-07 3.9839E-06 -3.00243E-07
5.48108E-07 3.02391E-06 -2.17687E-07
4.95673E-07 4.18319E-06 -3.10993E-07
6.10824E-07 3.7548E-06 -1.87395E-07
3.96119E-07 3.79952E-06 -3.9028E-07
4.69397E-07 3.79592E-06 -3.1834E-07
4.38808E-07 3.69766E-06 -3.73167E-07
4.14028E-07 3.05156E-06 -3.57925E-07
4.86334E-07 3.84793E-06 -3.01459E-07
5.12146E-07 3.91544E-06 -3.00669E-07
4.97884E-07 3.18186E-06 -2.82822E-07
5.6843E-07 3.92894E-06 -1.9087E-07
4.7439E-07 3.20033E-06 -3.11789E-07
3.57373E-07 2.95847E-06 -4.49212E-07
5.01759E-07 3.47322E-06 -2.7731E-07
6.39373E-07 3.94371E-06 -1.37808E-07
4.97489E-07 3.21662E-06 -2.69088E-07
7.33543E-07 4.28268E-06 -4.69743E-08
5.34237E-07 3.98538E-06 -2.63217E-07
3.27338E-07 3.47629E-06 -4.87267E-07
5.22816E-07 4.12342E-06 -2.62545E-07
5.81743E-07 4.12368E-06 -1.89658E-07
6.70434E-07 4.42695E-06 -1.1993E-07
6.90042E-07 4.46706E-06 -8.03797E-08
5.34091E-07 3.61505E-06 -2.52874E-07
5.29383E-07 3.46373E-06 -2.52648E-07
5.09042E-07 3.44155E-06 -2.59126E-07
5.48847E-07 3.95544E-06 -2.0036E-07
8.28883E-07 4.61586E-06 6.02462E-08
6.11408E-07 3.60335E-06 -1.73496E-07
6.82669E-07 3.49728E-06 -9.45702E-08
6.43845E-07 4.52048E-06 -1.40187E-07
4.58964E-07 3.28423E-06 -3.00109E-07
3.89327E-07 3.44827E-06 -4.07757E-07
4.6271E-07 3.47951E-06 -3.31277E-07
4.60044E-07 3.28383E-06 -3.19427E-07
4.46865E-07 3.45424E-06 -3.32396E-07
5.41096E-07 3.37929E-06 -2.21823E-07
3.39553E-07 3.41328E-06 -4.65805E-07
5.56814E-07 4.26753E-06 -2.50416E-07
6.5322E-07 4.35827E-06 -1.46218E-07
6.75242E-07 3.65796E-06 -6.89768E-08
4.89722E-07 4.12199E-06 -3.01738E-07
4.55815E-07 3.253E-06 -3.53416E-07
5.30189E-07 3.73405E-06 -2.83863E-07
4.57491E-07 3.87472E-06 -3.28492E-07
5.3327E-07 3.7627E-06 -2.49034E-07
3.80013E-07 2.91619E-06 -3.93179E-07
5.04094E-07 3.0363E-06 -2.79347E-07
4.98344E-07 3.9036E-06 -3.00938E-07
5.06432E-07 4.04079E-06 -2.9522E-07
5.50609E-07 3.47905E-06 -2.26882E-07
4.84713E-07 3.53846E-06 -3.02668E-07
7.65974E-07 4.44055E-06 -6.22567E-09
4.08189E-07 2.80972E-06 -3.60687E-07
