repro
----------------------------------------
MV diffusion to LV nwell spacing < 0.825um (hvi.5 + nsd/psd.5)
----------------------------------------
 16.970 12.950 17.255 13.715
 16.970 10.490 17.255 11.315
 16.970 10.065 17.255 10.265
 16.970 12.950 17.255 13.715
 16.970 12.065 17.255 12.890
 16.970 10.490 17.255 12.890
 16.970 11.015 17.255 11.840
 16.970 10.065 17.255 11.840
 16.970 10.065 17.255 10.420
 16.970 10.065 17.255 10.420
 16.165 10.265 16.430 10.980
 16.165 9.240 16.430 9.595
 16.165 11.315 16.430 12.065
 16.165 10.265 16.430 11.015
 16.165 9.330 16.430 9.595
 16.165 13.775 16.430 14.525
 16.165 11.640 16.430 12.065
 16.165 9.240 16.430 9.595
 16.165 13.775 16.430 14.525
----------------------------------------
HVI to HVI spacing < 0.7um (hvi.5)
----------------------------------------
 0.830 16.000 1.530 16.010
 24.765 16.000 25.465 16.010
 7.310 13.950 7.710 14.060
 7.855 13.695 8.255 13.805
 2.790 7.710 3.490 7.720
 13.405 7.860 14.105 7.870
 12.515 7.710 13.215 7.720
 19.530 7.710 20.230 7.720
 21.110 7.710 21.810 7.720
 7.310 5.810 7.710 5.920
 7.855 5.555 8.255 5.665
 18.830 5.810 19.230 5.920
 19.375 5.555 19.775 5.665
 0.130 16.700 0.830 16.710
 25.465 16.700 26.165 16.710
 8.010 14.650 8.410 14.760
 8.555 14.395 8.955 14.505
 12.705 8.560 13.405 8.570
 3.490 8.410 4.190 8.420
 11.815 8.410 12.515 8.420
 18.830 8.410 19.530 8.420
 21.810 8.410 21.930 8.420
 8.010 6.510 8.410 6.620
 19.530 6.510 19.930 6.620
 8.555 6.255 8.955 6.365
 20.075 6.255 20.475 6.365
----------------------------------------
[INFO]: COUNT: 45
[INFO]: Should be divided by 3 or 4

