
-1.2557E-08
-1.25062E-08
-1.24213E-08
-1.25212E-08
-1.24394E-08
-1.25446E-08
-1.24843E-08
-1.25175E-08
-1.25918E-08
-1.26724E-08
-1.24934E-08
-1.25715E-08
-1.24528E-08
-1.24762E-08
-1.25833E-08
-1.2555E-08
-1.25519E-08
-1.24761E-08
-1.27172E-08
-1.25721E-08
-1.24652E-08
-1.2535E-08
-1.24862E-08
-1.26397E-08
-1.25663E-08
-1.24707E-08
-1.24665E-08
-1.24779E-08
-1.26173E-08
-1.24992E-08
-1.25529E-08
-1.25821E-08
-1.25645E-08
-1.2567E-08
-1.25644E-08
-1.24835E-08
-1.25258E-08
-1.26053E-08
-1.26077E-08
-1.24852E-08
-1.25595E-08
-1.25367E-08
-1.26708E-08
-1.25152E-08
-1.26039E-08
-1.25142E-08
-1.25649E-08
-1.25303E-08
-1.25885E-08
-1.25393E-08
-1.2511E-08
-1.26025E-08
-1.25473E-08
-1.25506E-08
-1.24956E-08
-1.25601E-08
-1.24949E-08
-1.25213E-08
-1.2473E-08
-1.24554E-08
-1.25121E-08
-1.26016E-08
-1.25266E-08
-1.24677E-08
-1.24376E-08
-1.26206E-08
-1.26462E-08
-1.26119E-08
-1.24891E-08
-1.24656E-08
-1.25891E-08
-1.25067E-08
-1.24616E-08
-1.25991E-08
-1.24775E-08
-1.24533E-08
-1.25142E-08
-1.26245E-08
-1.26267E-08
-1.26031E-08
-1.26514E-08
-1.2603E-08
-1.25039E-08
-1.25668E-08
-1.25618E-08
-1.25837E-08
-1.25875E-08
-1.25162E-08
-1.26074E-08
-1.25778E-08
-1.24707E-08
-1.25423E-08
-1.24422E-08
-1.25338E-08
-1.25029E-08
-1.25594E-08
-1.26067E-08
-1.25146E-08
-1.2532E-08
-1.25886E-08
-1.2454E-08
-1.26454E-08
-1.25503E-08
-1.25152E-08
-1.26778E-08
-1.25668E-08
-1.25457E-08
-1.26017E-08
-1.25045E-08
-1.25314E-08
-1.24261E-08
-1.25925E-08
-1.25679E-08
-1.25864E-08
-1.26398E-08
-1.25125E-08
-1.25168E-08
-1.2598E-08
-1.25349E-08
-1.25614E-08
-1.26217E-08
-1.25223E-08
-1.24797E-08
-1.25507E-08
-1.26483E-08
-1.26197E-08
-1.2466E-08
-1.25631E-08
-1.26119E-08
-1.24939E-08
-1.25289E-08
-1.2606E-08
-1.26343E-08
-1.25288E-08
-1.25822E-08
-1.25614E-08
-1.25452E-08
-1.26144E-08
-1.2573E-08
-1.25858E-08
-1.25974E-08
-1.25071E-08
-1.26115E-08
-1.26213E-08
-1.259E-08
-1.26595E-08
-1.26633E-08
-1.27485E-08
-1.25832E-08
-1.25723E-08
-1.2607E-08
-1.24123E-08
-1.24499E-08
-1.25061E-08
-1.26398E-08
-1.25585E-08
-1.25514E-08
-1.25219E-08
-1.26388E-08
-1.24653E-08
-1.25529E-08
-1.26613E-08
-1.26256E-08
-1.25061E-08
-1.25575E-08
-1.25127E-08
-1.25868E-08
-1.25786E-08
-1.25826E-08
-1.26208E-08
-1.25247E-08
-1.26301E-08
-1.2476E-08
-1.24887E-08
-1.26428E-08
-1.25046E-08
-1.25969E-08
-1.26187E-08
-1.25728E-08
-1.24863E-08
-1.25189E-08
-1.25007E-08
-1.25307E-08
-1.25894E-08
-1.25048E-08
-1.25014E-08
-1.25994E-08
-1.25905E-08
-1.25341E-08
-1.24856E-08
-1.24352E-08
-1.2552E-08
-1.25896E-08
-1.24914E-08
-1.25883E-08
-1.25778E-08
-1.25373E-08
-1.2446E-08
-1.25082E-08
-1.25097E-08
