
0 0 1.19698 1.2
0 1 1.19182 1.2
0 2 1.19638 1.2
0 3 1.19423 1.2
0 4 1.1996 1.2
0 5 1.19789 1.2
0 6 1.1974 1.2
0 7 1.19456 1.2
0 8 1.19742 1.2
0 9 1.19779 1.2
0 10 1.20028 1.2
0 11 1.20069 1.2
0 12 1.19973 1.2
0 13 1.20476 1.2
0 14 1.19891 1.2
0 15 1.2018 1.2
0 16 1.19451 1.2
0 17 1.19573 1.2
0 18 1.19063 1.2
0 19 1.19735 1.2
0 20 1.19785 1.2
0 21 1.20325 1.2
0 22 1.19515 1.2
0 23 1.19171 1.2
0 24 1.19205 1.2
0 25 1.19572 1.2
0 26 1.19942 1.2
0 27 1.19732 1.2
0 28 1.20045 1.2
0 29 1.20144 1.2
0 30 1.19845 1.2
0 31 1.20121 1.2
0 32 1.19905 1.2
0 33 1.19764 1.2
0 34 1.20023 1.2
0 35 1.19656 1.2
0 36 1.19661 1.2
0 37 1.19772 1.2
0 38 1.1975 1.2
0 39 1.19399 1.2
0 40 1.19235 1.2
0 41 1.19183 1.2
0 42 1.19803 1.2
0 43 1.19896 1.2
0 44 1.19811 1.2
0 45 1.19886 1.2
0 46 1.19564 1.2
0 47 1.20001 1.2
0 48 1.19829 1.2
0 49 1.19777 1.2
0 50 1.19232 1.2
0 51 1.20317 1.2
0 52 1.20431 1.2
0 53 1.19317 1.2
0 54 1.19909 1.2
0 55 1.1953 1.2
0 56 1.19773 1.2
0 57 1.19395 1.2
0 58 1.19495 1.2
0 59 1.19604 1.2
0 60 1.20226 1.2
0 61 1.20072 1.2
0 62 1.19266 1.2
0 63 1.20064 1.2
0 64 1.19791 1.2
0 65 1.19394 1.2
0 66 1.20278 1.2
0 67 1.19967 1.2
0 68 1.20082 1.2
0 69 1.19756 1.2
0 70 1.19596 1.2
0 71 1.19693 1.2
0 72 1.20093 1.2
0 73 1.20172 1.2
0 74 1.20173 1.2
0 75 1.20042 1.2
0 76 1.19242 1.2
0 77 1.20429 1.2
0 78 1.19868 1.2
0 79 1.19756 1.2
0 80 1.20023 1.2
0 81 1.19446 1.2
0 82 1.20347 1.2
0 83 1.18666 1.2
0 84 1.20355 1.2
0 85 1.2007 1.2
0 86 1.19568 1.2
0 87 1.19775 1.2
0 88 1.19908 1.2
0 89 1.19544 1.2
0 90 1.19636 1.2
0 91 1.19419 1.2
0 92 1.19743 1.2
0 93 1.19751 1.2
0 94 1.20042 1.2
0 95 1.19533 1.2
0 96 1.19487 1.2
0 97 1.19722 1.2
0 98 1.2031 1.2
0 99 1.19574 1.2
0 100 1.20069 1.2
0 101 1.2012 1.2
0 102 1.20567 1.2
0 103 1.19328 1.2
0 104 1.19992 1.2
0 105 1.19426 1.2
0 106 1.19658 1.2
0 107 1.19756 1.2
0 108 1.1998 1.2
0 109 1.19563 1.2
0 110 1.19692 1.2
0 111 1.20024 1.2
0 112 1.19197 1.2
0 113 1.19918 1.2
0 114 1.19977 1.2
0 115 1.19623 1.2
0 116 1.20097 1.2
0 117 1.19755 1.2
0 118 1.18987 1.2
0 119 1.1953 1.2
1 0 1.19631 1.2
1 1 1.19615 1.2
1 2 1.19892 1.2
1 3 1.19348 1.2
1 4 1.2058 1.2
1 5 1.20376 1.2
1 6 1.19395 1.2
1 7 1.1932 1.2
1 8 1.19674 1.2
1 9 1.19333 1.2
1 10 1.1992 1.2
1 11 1.19524 1.2
1 12 1.20034 1.2
1 13 1.19971 1.2
1 14 1.20254 1.2
1 15 1.20277 1.2
1 16 1.19782 1.2
1 17 1.19578 1.2
1 18 1.19723 1.2
1 19 1.20328 1.2
1 20 1.19521 1.2
1 21 1.2021 1.2
1 22 1.19942 1.2
1 23 1.20222 1.2
1 24 1.19497 1.2
1 25 1.19898 1.2
1 26 1.20717 1.2
1 27 1.20001 1.2
1 28 1.20088 1.2
1 29 1.19896 1.2
1 30 1.20311 1.2
1 31 1.20366 1.2
1 32 1.19788 1.2
1 33 1.20045 1.2
1 34 1.20278 1.2
1 35 1.19983 1.2
1 36 1.19576 1.2
1 37 1.19901 1.2
1 38 1.20409 1.2
1 39 1.20503 1.2
1 40 1.19804 1.2
1 41 1.20554 1.2
1 42 1.2022 1.2
1 43 1.19811 1.2
1 44 1.19912 1.2
1 45 1.19438 1.2
1 46 1.19675 1.2
1 47 1.20219 1.2
1 48 1.20019 1.2
1 49 1.18895 1.2
1 50 1.19801 1.2
1 51 1.19819 1.2
1 52 1.2003 1.2
1 53 1.2021 1.2
1 54 1.19574 1.2
1 55 1.19591 1.2
1 56 1.20134 1.2
1 57 1.20229 1.2
1 58 1.20038 1.2
1 59 1.19889 1.2
1 60 1.20191 1.2
1 61 1.20073 1.2
1 62 1.19687 1.2
1 63 1.19723 1.2
1 64 1.19291 1.2
1 65 1.19597 1.2
1 66 1.19476 1.2
1 67 1.19833 1.2
1 68 1.20265 1.2
1 69 1.19671 1.2
1 70 1.19894 1.2
1 71 1.19827 1.2
1 72 1.20239 1.2
1 73 1.19776 1.2
1 74 1.20041 1.2
1 75 1.20265 1.2
1 76 1.20275 1.2
1 77 1.20103 1.2
1 78 1.19811 1.2
1 79 1.1985 1.2
1 80 1.20484 1.2
1 81 1.19537 1.2
1 82 1.19934 1.2
1 83 1.20114 1.2
1 84 1.19607 1.2
1 85 1.19885 1.2
1 86 1.19363 1.2
1 87 1.2043 1.2
1 88 1.19124 1.2
1 89 1.20107 1.2
1 90 1.19668 1.2
1 91 1.20236 1.2
1 92 1.19204 1.2
1 93 1.20317 1.2
1 94 1.19459 1.2
1 95 1.19246 1.2
1 96 1.19834 1.2
1 97 1.20125 1.2
1 98 1.20589 1.2
1 99 1.19443 1.2
1 100 1.195 1.2
1 101 1.20179 1.2
1 102 1.20036 1.2
1 103 1.19597 1.2
1 104 1.19894 1.2
1 105 1.20028 1.2
1 106 1.20055 1.2
1 107 1.19593 1.2
1 108 1.2045 1.2
1 109 1.19483 1.2
1 110 1.19385 1.2
1 111 1.19311 1.2
1 112 1.21006 1.2
1 113 1.19546 1.2
1 114 1.19885 1.2
1 115 1.19594 1.2
1 116 1.19701 1.2
1 117 1.19838 1.2
1 118 1.19959 1.2
1 119 1.19912 1.2
2 0 1.19779 1.2
2 1 1.20266 1.2
2 2 1.20049 1.2
2 3 1.19727 1.2
2 4 1.194 1.2
2 5 1.20158 1.2
2 6 1.20247 1.2
2 7 1.19977 1.2
2 8 1.20291 1.2
2 9 1.19914 1.2
2 10 1.19526 1.2
2 11 1.19507 1.2
2 12 1.19335 1.2
2 13 1.19268 1.2
2 14 1.19829 1.2
2 15 1.19596 1.2
2 16 1.19797 1.2
2 17 1.19929 1.2
2 18 1.19701 1.2
2 19 1.19132 1.2
2 20 1.20311 1.2
2 21 1.19213 1.2
2 22 1.19885 1.2
2 23 1.19314 1.2
2 24 1.20031 1.2
2 25 1.20257 1.2
2 26 1.194 1.2
2 27 1.19632 1.2
2 28 1.20331 1.2
2 29 1.1966 1.2
2 30 1.19792 1.2
2 31 1.1922 1.2
2 32 1.20244 1.2
2 33 1.20235 1.2
2 34 1.20035 1.2
2 35 1.19342 1.2
2 36 1.19905 1.2
2 37 1.1975 1.2
2 38 1.20149 1.2
2 39 1.19935 1.2
2 40 1.19385 1.2
2 41 1.20252 1.2
2 42 1.19652 1.2
2 43 1.19665 1.2
2 44 1.20045 1.2
2 45 1.19418 1.2
2 46 1.19962 1.2
2 47 1.19961 1.2
2 48 1.19578 1.2
2 49 1.19733 1.2
2 50 1.20148 1.2
2 51 1.18989 1.2
2 52 1.20127 1.2
2 53 1.1952 1.2
2 54 1.19794 1.2
2 55 1.19496 1.2
2 56 1.198 1.2
2 57 1.20043 1.2
2 58 1.20057 1.2
2 59 1.19732 1.2
2 60 1.19995 1.2
2 61 1.20101 1.2
2 62 1.19599 1.2
2 63 1.19972 1.2
2 64 1.19779 1.2
2 65 1.20253 1.2
2 66 1.19675 1.2
2 67 1.19408 1.2
2 68 1.19866 1.2
2 69 1.19881 1.2
2 70 1.19965 1.2
2 71 1.19398 1.2
2 72 1.19412 1.2
2 73 1.1972 1.2
2 74 1.19746 1.2
2 75 1.1998 1.2
2 76 1.20252 1.2
2 77 1.19113 1.2
2 78 1.19419 1.2
2 79 1.20221 1.2
2 80 1.19547 1.2
2 81 1.19465 1.2
2 82 1.19673 1.2
2 83 1.20309 1.2
2 84 1.20085 1.2
2 85 1.19852 1.2
2 86 1.19529 1.2
2 87 1.20131 1.2
2 88 1.19871 1.2
2 89 1.20166 1.2
2 90 1.20032 1.2
2 91 1.20127 1.2
2 92 1.19963 1.2
2 93 1.19755 1.2
2 94 1.19709 1.2
2 95 1.19671 1.2
2 96 1.19342 1.2
2 97 1.20539 1.2
2 98 1.19846 1.2
2 99 1.19798 1.2
2 100 1.19741 1.2
2 101 1.20141 1.2
2 102 1.19407 1.2
2 103 1.1974 1.2
2 104 1.197 1.2
2 105 1.20038 1.2
2 106 1.20507 1.2
2 107 1.19387 1.2
2 108 1.20037 1.2
2 109 1.19896 1.2
2 110 1.19199 1.2
2 111 1.20121 1.2
2 112 1.20252 1.2
2 113 1.20127 1.2
2 114 1.19917 1.2
2 115 1.19835 1.2
2 116 1.199 1.2
2 117 1.19836 1.2
2 118 1.19077 1.2
2 119 1.201 1.2
