 6.00000000e-01  6.02707076e-01  6.00000000e-01  2.01208848e+00 
 6.50000000e-01  6.52241077e-01  6.50000000e-01  2.05255711e+00 
 7.00000000e-01  7.01817228e-01  7.00000000e-01  2.09291892e+00 
 7.50000000e-01  7.51398841e-01  7.50000000e-01  2.13324922e+00 
 8.00000000e-01  8.00994577e-01  8.00000000e-01  2.17351941e+00 
 8.50000000e-01  8.50602774e-01  8.50000000e-01  2.21372686e+00 
 9.00000000e-01  9.00222056e-01  9.00000000e-01  2.25386915e+00 
 9.50000000e-01  9.49851342e-01  9.50000000e-01  2.29394388e+00 
 1.00000000e+00  9.99489759e-01  1.00000000e+00  2.33394865e+00 
 1.05000000e+00  1.04913659e+00  1.05000000e+00  2.37388102e+00 
 1.10000000e+00  1.09879122e+00  1.10000000e+00  2.41373848e+00 
 1.15000000e+00  1.14845316e+00  1.15000000e+00  2.45351847e+00 
 1.20000000e+00  1.19812195e+00  1.20000000e+00  2.49321828e+00 
 1.25000000e+00  1.24779722e+00  1.25000000e+00  2.53283512e+00 
 1.30000000e+00  1.29747863e+00  1.30000000e+00  2.57236603e+00 
 1.35000000e+00  1.34716587e+00  1.35000000e+00  2.61180787e+00 
 1.40000000e+00  1.39685867e+00  1.40000000e+00  2.65115726e+00 
 1.45000000e+00  1.44655677e+00  1.45000000e+00  2.69041056e+00 
 1.50000000e+00  1.49625995e+00  1.50000000e+00  2.72956375e+00 
 1.55000000e+00  1.54596798e+00  1.55000000e+00  2.76861231e+00 
 1.60000000e+00  1.59568063e+00  1.60000000e+00  2.80755093e+00 
 1.65000000e+00  1.64539768e+00  1.65000000e+00  2.84637311e+00 
 1.70000000e+00  1.69511888e+00  1.70000000e+00  2.88507014e+00 
 1.75000000e+00  1.74484391e+00  1.75000000e+00  2.92362899e+00 
 1.80000000e+00  1.79457232e+00  1.80000000e+00  2.96202688e+00 
 1.85000000e+00  1.84430322e+00  1.85000000e+00  3.00021663e+00 
 1.90000000e+00  1.89403464e+00  1.90000000e+00  3.03808495e+00 
 1.95000000e+00  1.94376169e+00  1.95000000e+00  3.07535212e+00 
 2.00000000e+00  1.99347413e+00  2.00000000e+00  3.11146602e+00 
