
4.9936E-07 6.59864E-07 4.18741E-06 3.42961E-07
4.95206E-07 4.72278E-07 3.29895E-06 1.63581E-07
5.15993E-07 5.46234E-07 3.36957E-06 2.26744E-07
5.00762E-07 6.43025E-07 3.50088E-06 3.36816E-07
4.85186E-07 6.73363E-07 3.76378E-06 3.62828E-07
5.11954E-07 7.37945E-07 3.53245E-06 4.28861E-07
4.99658E-07 6.10964E-07 3.328E-06 2.91619E-07
4.96375E-07 6.8007E-07 3.64463E-06 3.8599E-07
5.27426E-07 7.292E-07 4.94964E-06 4.16642E-07
4.89532E-07 5.42612E-07 3.88583E-06 2.14906E-07
5.08356E-07 3.75791E-07 2.89423E-06 6.24794E-08
5.00293E-07 5.88984E-07 3.61982E-06 2.80316E-07
5.0731E-07 6.46849E-07 3.32678E-06 3.41523E-07
5.14058E-07 6.45838E-07 4.19479E-06 3.33476E-07
4.96561E-07 5.77238E-07 3.25751E-06 2.73752E-07
5.24181E-07 4.94212E-07 3.55618E-06 1.70047E-07
5.06525E-07 5.59169E-07 3.28522E-06 2.54156E-07
5.03181E-07 5.86263E-07 3.04531E-06 2.90836E-07
4.96165E-07 3.63196E-07 2.57117E-06 4.94022E-08
5.02501E-07 5.25145E-07 3.29053E-06 2.10444E-07
5.06314E-07 7.81962E-07 3.74352E-06 4.50239E-07
5.04094E-07 5.39941E-07 3.00907E-06 2.34273E-07
4.95544E-07 3.57746E-07 2.42191E-06 4.68579E-08
5.03758E-07 6.26189E-07 3.84906E-06 3.17298E-07
5.04206E-07 7.05554E-07 4.13631E-06 3.97002E-07
5.00658E-07 6.68444E-07 3.83326E-06 3.65643E-07
4.93103E-07 5.72038E-07 3.31559E-06 2.61426E-07
5.08318E-07 6.20358E-07 3.13076E-06 3.20195E-07
5.03553E-07 4.14785E-07 3.10308E-06 9.15678E-08
5.10861E-07 3.88319E-07 3.16438E-06 7.63425E-08
5.03616E-07 5.79349E-07 2.87722E-06 2.69336E-07
4.95494E-07 3.86626E-07 2.62284E-06 7.13635E-08
5.04216E-07 5.64491E-07 3.95401E-06 2.33518E-07
5.05653E-07 6.69941E-07 4.13831E-06 3.60219E-07
4.93482E-07 4.42368E-07 3.29119E-06 1.24327E-07
5.14126E-07 6.95998E-07 3.6774E-06 3.98063E-07
4.97527E-07 5.06309E-07 4.12616E-06 2.01776E-07
4.92831E-07 3.08283E-07 2.44952E-06 -1.73291E-08
5.09912E-07 5.3784E-07 3.12179E-06 1.96753E-07
5.08637E-07 5.26592E-07 3.55823E-06 2.27793E-07
